image_width: 640
image_height: 680
camera_name: xtion_depth
camera_matrix:
  rows: 3
  cols: 3
  data: [540.4210757219911, 0, 315.0605824572117, 0, 540.0288766837305, 240.1397512571999, 0, 0, 1]
distortion_model: plumb_bob
distortion_coefficients:
  rows: 1
  cols: 5
  data: [0.06656135481886322, -0.1802725124668077, 0.0005514284666924256, -0.0005430747519516845, 0.005378119566562645]
rectification_matrix:
  rows: 3
  cols: 3
  data: [1.0,0.0,0.0,0.0,1.0,0.0,0.0,1.0]
projection_matrix:
  rows: 3
  cols: 4
  data: [540.4210757219911, 0, 315.0605824572117, 0, 0, 540.0288766837305, 240.1397512571999, 0, 0, 0, 1, 0]
