reference_link_name: base
transform_to_reference_link:
  quaternion:
    w: -0.4399685004864008
    x: 0.8342823075366739
    y: 0.2956919236419787
    z: -0.1515487985692436
  translation:
    x: 1.0043089977548867
    y: -0.4100170147620173
    z: 0.48979075732855404
