reference_link_name: base
transform_to_reference_link:
  quaternion:
    w: -0.4389450352196058
    x: 0.8343086608363084
    y: 0.30135110576592966
    z: -0.14298191388399692
  translation:
    x: 0.998849520256897
    y: -0.41447439738245817
    z: 0.48870425298752157
