reference_link_name: base
transform_to_reference_link:
  quaternion:
    w: -0.4372255591023885
    x: 0.8352205793349095
    y: 0.30476294515996377
    z: -0.13549887080419612
  translation:
    x: 0.9960108232158117
    y: -0.41625787252241137
    z: 0.4877071657253107
