header:
  robot: "kuka_iiwa"
  num_joints: 7
  joint_names: ['iiwa_joint_1', 'iiwa_joint_2', 'iiwa_joint_3', 'iiwa_joint_4', 'iiwa_joint_5', 'iiwa_joint_6', 'iiwa_joint_7']

scan_left: [0.911443507162272, 0.8445457661537074, -0.24531205048079935, -0.4025377708184225, -0.2844846946585006, 2.0064844410573124, -2.052291444379446]

scan_right: [-0.9364276799654913, 0.7610658724879289, 0.09073322590999916, -0.5446330477382708, 0.3415110056323126, 2.0068615247872765, 2.718039286090727]

scan_back: [-0.1211112585904444, -0.9583773871156112, -0.03156704761451111, -1.6439149591462279, 0.09936178385879395, 1.8299439851378596, 0.3186380698351695]

above_table_pre_grasp: [0.04486168762069299, 0.3256606458812486, -0.033502080520812445, -1.5769091802934694, 0.05899249087322813, 1.246379583616529, 0.38912999977004026]