header:
  robot: "kuka_iiwa"
  num_joints: 7
  joint_names: ['iiwa_joint_1', 'iiwa_joint_2', 'iiwa_joint_3', 'iiwa_joint_4', 'iiwa_joint_5', 'iiwa_joint_6', 'iiwa_joint_7']

scan_left: [0.911443507162272, 0.8445457661537074, -0.24531205048079935, -0.4025377708184225, -0.2844846946585006, 2.0064844410573124, -2.052291444379446]

# scan_right: [-0.9364276799654913, 0.7610658724879289, 0.09073322590999916, -0.5446330477382708, 0.3415110056323126, 2.0068615247872765, 2.718039286090727]

scan_right: [-0.9383438975679576, 0.7601413494392826, 0.09434425257301471, -0.5412804608133274, 0.34142136360206804, 2.0072211113733234, -0.29973127725889165]

scan_back: [-0.1211112585904444, -0.9583773871156112, -0.03156704761451111, -1.6439149591462279, 0.09936178385879395, 1.8299439851378596, 0.3186380698351695]

above_table_pre_grasp: [0.04486168762069299, 0.3256606458812486, -0.033502080520812445, -1.5769091802934694, 0.05899249087322813, 1.246379583616529, 0.38912999977004026]

stow_in_bin: [1.3601923293879878, 0.6763751527265885, 0.29344633025999833, -1.4080305988171378, -0.1540182864251822, 1.087316921149059, 0.5348980221222454]

scan_top: [0.20019084215164185, -0.27348050475120544, -0.1294761300086975, -1.0927237272262573, 0.0005730376578867435, 2.007343053817749, 0.4716401994228363]

scan_left_center: [0.7497252821922313, 0.6591946482658396, -0.20756110548973106, -1.097617745399477, -0.473903596401215, 1.5397824048995994, 0.8754076361656195]

scan_right_center: [-0.6763285398483284, 0.7729962468147289, 0.05814328044652916, -0.875896573066711, 0.32974946498870905, 1.865982413291933, -0.1710566878318774]

scan_above_table_far: [0.04493209719657898, 0.5728557109832757, -0.04282763600349429, -0.873065412044524, 0.04411890357732758, 1.7941942214965814, 0.409425258636475]

scan_left_close: [0.8956932995087754, 1.3055060341821678, -0.35032501960579726, -0.3907712993264679, -0.40068316401486664, 1.8247009466880308, 0.9690257903258458]


scan_right_close: [-0.9834535387704105, 1.1832493831988158, 0.2865190287925425, -0.6214890804805174, 0.5476758184751659, 1.673449721926855, -0.30391191415807733]
