transform_to_reference_link:
  translation:
    y: 0.04757077336803255
    x: -0.04600606633693562
    z: 0.07133390979525822
  rotation:
    x: -0.008545844498752425
    z: -0.003066868794397248
    w: 0.9999564034698163
    y: 0.002180370911402258
reference_link_name: wsg_50_base_link