camera_name: xtion_pro
image_height: 480
camera_matrix:
  rows: 3
  cols: 3
  data:
    - 570.9938488103008
    - 0
    - 325.6166127040584
    - 0
    - 571.4948803986453
    - 243.2625815841034
    - 0
    - 0
    - 1
projection_matrix:
  rows: 3
  cols: 4
  data:
    - 570.9938488103008
    - 0
    - 325.6166127040584
    - 0
    - 0
    - 571.4948803986453
    - 243.2625815841034
    - 0
    - 0
    - 0
    - 1
    - 0
image_width: 640
rectification_matrix:
  cols: 3
  rows: 3
  data:
    - 1
    - 0
    - 0
    - 0
    - 1
    - 0
    - 0
    - 0
    - 1
distortion_model: plumb_bob
distortion_coefficients:
  rows: 1
  data:
    - -0.06557779004415938
    - 0.2833508770523249
    - 0.000420579288467864
    - -7.256204062626078e-05
    - 0.1259635530635457
  cols: 5