transform_to_reference_link:
  rotation:
    w: 0.0174617729738217
    z: 0.9993132303612261
    y: -0.03006400955643423
    x: -0.01281832434496497
  translation:
    y: -0.0878235044401918
    x: 0.04514365181756493
    z: 0.07795569714463481
reference_link_name: wsg_50_base_link