transform_to_reference_link:
  translation:
    y: -0.06636958535638325
    z: 0.03850965535953246
    x: 0.01460963223093136
  rotation:
    w: 0.004433023314667204
    y: -0.02616634213784217
    x: 0.002773276048887387
    z: 0.9996439264975171
reference_link_name: wsg_50_base_link