projection_matrix:
  rows: 3
  cols: 4
  data:
    - 532.1171380829026
    - 0
    - 316.9047364696632
    - 0
    - 0
    - 532.7845326369985
    - 236.5906101510171
    - 0
    - 0
    - 0
    - 1
    - 0
rectification_matrix:
  rows: 3
  cols: 3
  data:
    - 1
    - 0
    - 0
    - 0
    - 1
    - 0
    - 0
    - 0
    - 1
distortion_coefficients:
  data:
    - 0.0
    - 0.0
    - 0.0
    - 0.0
    - 0.0
  rows: 1
  cols: 5
camera_matrix:
  rows: 3
  cols: 3
  data:
    - 532.1171380829026
    - 0
    - 316.9047364696632
    - 0
    - 532.7845326369985
    - 236.5906101510171
    - 0
    - 0
    - 1
camera_name: xtion_pro
image_height: 480
image_width: 640
distortion_model: plumb_bob