transform_to_reference_link:
  translation:
    y: -0.06258939059713835
    x: 0.01605788355619321
    z: 0.0512573674349011
  rotation:
    w: 0.00716470726122575
    x: -0.001606467596221785
    z: 0.9995121671029196
    y: -0.03035644980805164
reference_link_name: wsg_50_base_link