projection_matrix:
  rows: 3
  cols: 4
  data:
    - 532.1171380829026
    - 0
    - 316.9047364696632
    - 0
    - 0
    - 532.7845326369985
    - 236.5906101510171
    - 0
    - 0
    - 0
    - 1
    - 0
rectification_matrix:
  rows: 3
  cols: 3
  data:
    - 1
    - 0
    - 0
    - 0
    - 1
    - 0
    - 0
    - 0
    - 1
distortion_coefficients:
  data:
    - 0.1454784741933565
    - -4.121699205205809
    - 0.0004103188524905855
    - -0.001442762309919923
    - 37.29124787068866
  rows: 1
  cols: 5
camera_matrix:
  rows: 3
  cols: 3
  data:
    - 532.1171380829026
    - 0
    - 316.9047364696632
    - 0
    - 532.7845326369985
    - 236.5906101510171
    - 0
    - 0
    - 1
camera_name: xtion_pro
image_height: 480
image_width: 640
distortion_model: plumb_bob