reference_link_name: wsg_50_base_link
transform_to_reference_link:
  translation:
    x: 0.0145602348818737
    y: -0.06573258113469113
    z: 0.05521086774830911
  rotation:
    y: -0.03003684588991719
    w: 0.005257389076676519
    z: 0.999534287437936
    x: 0.001164467697768688