transform_to_reference_link:
  translation:
    y: 0.04283603721541845
    x: -0.01925196834632674
    z: 0.06872857146028051
  rotation:
    z: -0.005924625724667594
    y: 0.003787414636589845
    w: 0.9999441940322525
    x: -0.007884359300686861
reference_link_name: wsg_50_base_link