reference_link_name: base
transform_to_reference_link:
  quaternion:
    w: -0.1699851796129767
    x: 0.3413018665614689
    y: 0.8147903636870674
    z: -0.43673188558907156
  translation:
    x: 1.0844180650528148
    y: 0.4354264959756823
    z: 0.5135550887148056
