reference_link_name: base
transform_to_reference_link:
  quaternion:
    w: -0.1702872767304435
    x: 0.3407061767374148
    y: 0.8121923947494406
    z: -0.44188806329400737
  translation:
    x: 1.088435283694451
    y: 0.43645381758217916
    z: 0.5148561747483171
