reference_link_name: base
transform_to_reference_link:
  quaternion:
    w: -0.14899923003306761
    x: 0.3054513897772813
    y: 0.8289257418691661
    z: -0.44427558390688604
  translation:
    x: 1.090782330744874
    y: 0.473232965994489
    z: 0.5183745180148138
