reference_link_name: base
transform_to_reference_link:
  quaternion:
    w: -0.17265865732593993
    x: 0.3552122978097326
    y: 0.8337001264261721
    z: -0.3859498841865222
  translation:
    x: 1.0923933763995084
    y: 0.5298086049703515
    z: 0.550016033398913
